2697813
2338457
3056893
3465073
1679943
3791889
3771912
728000
4135365
2085005
3463299
3445872
2877493
3675284
2990438
2105470
2122590
3072390
3046707
2287430
3650974
3390509
3390510
3551105
3503945
2087767
3453663
3041946
2996370
3577480
3095387
3674342
1212776
3503598
1736562
3880598
2441851
4036310
2508821
3245228
2116441
3134698
3304039
2568748
1670229
2978587
2978589
3324907
3907183
2605850
3250317
3263772
3119265
2717734
2069390
810033
1094877
3682262
186610
1955217
3882160
451851
3596633
3134606
3882162
3849201
3034743
3668692
3061327
1744101
1564343
3489623
2702033
3246353
1216585
